30 30
200
14 -8
-8 -3
9 -8
11 13
-3 -1
14 -4
0 10
1 -6
11 -11
-4 14
-10 11
-5 -10
4 -3
7 -3
-12 -13
-6 -5
3 11
8 -13
2 14
-9 -5
13 14
13 10
7 9
5 -1
8 2
-4 -8
-12 12
-3 -14
-11 1
-9 -10
-12 5
6 -14
-4 -6
-11 -6
-2 7
-14 11
-9 -14
-13 14
1 -12
11 9
12 -8
14 -11
4 14
-5 3
13 -2
7 -7
-7 9
-2 9
-1 11
14 -13
-13 -3
7 -5
14 -1
4 2
12 -5
-8 11
-6 1
-13 -6
-5 -4
-6 -14
5 4
1 4
7 1
3 6
-10 -12
-14 0
-11 3
10 8
9 -10
0 6
3 13
-13 -8
-4 9
13 4
7 3
3 0
5 -4
1 13
-7 -10
-5 -7
2 -4
12 -13
-13 -12
-14 5
11 -3
0 -2
-13 10
-10 7
13 7
-7 -4
-8 6
9 11
-1 -11
9 7
-4 -13
-6 11
1 -8
-4 4
-2 3
-2 -2
3 -12
-5 5
-13 6
14 5
-12 -1
3 8
-2 -7
-4 -11
-12 -5
-11 -10
-14 -14
-11 -14
-14 7
-8 -7
5 -12
12 0
-3 11
0 2
-4 12
4 -9
13 2
11 11
-2 -12
0 12
2 -9
14 11
-9 -2
-14 -9
4 -5
1 0
-6 -2
-4 0
5 -8
11 5
-7 5
8 4
-10 14
13 -14
9 -14
2 -1
-7 3
13 -10
1 8
-2 1
9 1
-12 2
9 -3
-8 -1
0 14
7 11
-7 7
14 3
-6 6
-9 13
0 -10
-7 12
-9 5
7 14
-9 -8
-4 2
10 -6
-14 -5
11 -7
7 -10
-10 4
-3 -4
6 10
-2 14
-12 -9
-13 1
2 3
-1 -3
8 10
14 9
9 5
11 1
-8 -13
-3 -9
-1 8
10 14
-1 0
8 -2
8 -6
-9 1
2 12
5 13
-7 14
-6 -11
9 -1
2 -11
-7 -12
-1 -6
0 -13
-14 9
4 12
-3 5
8 0
1 11
7 -1
-2 12
