30 30
200
0 1
12 -6
-6 1
-13 -9
-5 2
-13 -13
-8 11
5 12
-2 11
-4 10
-14 -7
-8 -11
10 -9
1 -10
-1 13
6 -9
6 8
5 9
6 5
9 -7
-5 14
10 -14
-2 14
-9 6
-10 -4
9 -10
11 7
14 -9
4 1
4 7
6 -4
-1 -12
7 -6
2 -13
2 12
7 2
-7 -9
10 6
1 -8
8 8
-8 -5
1 9
-14 -12
11 9
10 -6
-1 7
-11 5
4 -13
12 3
-1 -10
2 -9
-11 11
8 11
-11 13
-2 -6
-7 -12
0 8
8 -4
-12 6
5 4
-2 3
0 14
-14 12
13 -1
4 -4
5 -7
14 6
-2 -11
-3 2
10 -4
7 -11
-10 -12
-3 0
14 -11
-4 -6
13 -4
-9 8
10 11
11 5
9 -12
-8 14
-3 5
-10 2
-12 3
3 3
-11 1
-11 -1
-7 9
-7 -2
-7 3
3 -11
-10 -2
11 12
-6 11
10 14
0 3
-5 -2
-5 5
-8 2
5 -1
-6 -4
-14 9
9 13
0 6
3 9
-12 -11
6 -13
-4 -1
-6 -8
2 7
-12 0
-10 -14
13 9
4 10
-1 -3
-6 -6
-4 -13
-10 -8
-5 -7
10 -2
-5 8
3 0
-12 -6
-10 14
1 2
-4 6
5 6
4 -8
0 -7
14 -14
14 -5
-9 0
-4 1
8 14
-9 4
-4 12
12 -2
-6 -1
-4 4
8 -1
-8 -1
-10 7
3 -6
-5 -12
14 -7
-7 -7
-4 -3
11 -7
2 4
3 -14
-3 -14
-14 2
-12 -3
12 -9
1 -1
-14 -3
9 9
-8 7
-7 6
1 -5
11 -12
-2 -1
6 3
8 4
9 -5
13 -10
7 -8
14 2
-5 -5
7 -3
-13 1
-10 10
13 5
-6 -11
-13 8
-7 0
11 -10
2 -7
8 6
-14 5
5 -12
-12 12
6 14
14 -3
-6 -14
8 -9
9 5
-14 14
-3 -9
-9 -7
3 5
-13 10
4 -2
-12 14
-3 13
6 1
-12 -8
-3 -2
-5 -10
14 8
