30 30
300
5 9
3 4
-14 7
12 -14
-14 -14
11 13
-12 -5
5 -1
-10 8
-12 14
-4 7
13 -2
14 12
-9 -8
-6 12
14 -4
11 9
11 11
-9 -11
-1 7
-7 -3
3 -7
2 1
10 -12
-13 -4
5 -11
0 -11
5 -8
-1 1
-13 -7
7 0
6 -6
-13 4
-11 -12
2 8
6 -3
-9 4
3 2
-11 6
10 -6
11 -9
-3 14
-7 -9
10 -1
-11 10
6 -14
14 1
-2 -8
-8 2
-8 6
7 -9
11 5
-1 11
-9 -13
-10 13
-1 4
13 -5
-2 -11
0 -8
6 -12
-13 -1
-5 -3
0 -4
-14 -5
-8 13
-14 12
-6 0
-4 -10
2 -8
2 12
-12 -9
-11 -10
11 -13
8 7
14 -6
-2 -14
14 -13
14 7
9 -4
13 -9
12 -6
12 -3
-3 9
-12 -11
-4 -5
-12 -14
-14 1
12 -11
6 13
2 14
-7 -12
-3 2
5 -4
-11 2
-5 8
-11 -3
-7 3
-2 -4
6 11
-6 9
-10 1
-4 13
9 9
3 0
-1 -13
13 13
-13 2
6 -10
-12 9
-2 3
-12 0
1 -9
6 3
-6 -5
3 10
-14 3
-9 12
4 14
-4 -8
-7 -14
-11 12
-14 -10
9 -7
10 -10
-10 5
-13 6
-5 -1
-5 11
7 12
-11 -1
-5 -12
-6 -2
6 1
2 -4
4 6
-9 -2
-4 4
9 4
-2 10
8 2
2 6
-6 14
-14 14
7 10
-10 3
12 10
-8 -10
-7 7
1 -14
-6 4
-9 -5
8 -5
7 5
-7 -6
9 -11
10 8
-4 1
8 -3
8 11
1 0
13 6
7 8
14 3
-8 11
-10 -9
1 -6
-4 10
13 11
-12 5
9 12
14 -11
0 -1
-2 13
-6 -10
0 6
-3 -7
8 -10
6 7
-9 10
5 -13
7 -4
4 3
-8 -1
-3 -2
-5 -14
7 -11
12 14
10 -3
1 13
12 12
7 -7
9 14
10 3
1 7
11 -2
7 14
-14 9
1 -3
4 -9
-13 8
0 9
-5 2
-8 8
1 5
11 2
4 -14
11 0
4 -5
10 10
10 -8
11 -7
8 -14
4 1
4 -12
-1 -3
5 2
9 1
-1 -10
2 -1
14 14
-14 5
-9 14
3 -3
-8 -4
-2 6
7 -13
9 -9
8 -1
-5 -6
-14 -3
13 8
-7 10
-12 7
-13 -13
-5 6
3 -10
14 -1
14 9
-11 4
-2 -1
10 6
4 8
4 11
0 14
-3 -12
12 4
-6 -8
13 2
-10 -14
-8 -7
-10 -4
-3 11
-3 5
8 13
-12 11
14 5
-3 0
1 2
5 12
-12 -2
-2 8
-11 -8
14 -8
8 -8
2 -13
0 3
9 -2
5 4
1 10
11 7
2 3
10 -14
-5 -9
3 7
-13 13
12 -8
-10 -6
-14 -12
3 13
4 -2
8 -12
-6 -13
-14 -8
12 -1
-1 -6
13 -12
-13 10
9 -13
-7 1
-7 5
-3 -9
13 0
-9 0
2 -11
12 1
7 -2
0 12
11 -5
13 -7
-12 3
